737
1234 12 03
1234 12 30
1241 03 23
1242 03 13
1242 03 31
1243 01 23
1243 02 13
1243 03 12
1243 03 21
1243 10 23
1243 12 03
1243 12 30
1303 12 24
1304 12 23
1312 03 24
1312 04 23
1313 02 24
1313 04 22
1314 02 23
1314 03 22
1321 03 24
1321 04 23
1322 03 14
1322 04 13
1323 01 24
1323 02 14
1323 04 12
1323 04 21
1323 10 24
1323 12 04
1324 01 23
1324 02 13
1324 03 12
1324 03 21
1324 10 23
1324 12 03
1324 12 30
1330 12 24
1331 02 24
1331 04 22
1332 01 24
1332 02 14
1332 04 12
1332 04 21
1332 10 24
1332 12 04
1334 01 22
1334 02 12
1334 02 21
1334 10 22
1334 12 02
1334 12 20
1340 12 23
1341 02 23
1341 03 22
1342 01 23
1342 02 13
1342 03 12
1342 03 21
1342 10 23
1342 12 03
1342 12 30
1343 01 22
1343 02 12
1343 02 21
1343 10 22
1343 12 02
1343 12 20
1403 12 23
1412 03 23
1413 02 23
1413 03 22
1421 03 23
1422 03 13
1422 03 31
1423 01 23
1423 02 13
1423 03 12
1423 03 21
1423 10 23
1423 12 03
1423 12 30
1430 12 23
1431 02 23
1431 03 22
1432 01 23
1432 02 13
1432 03 12
1432 03 21
1432 10 23
1432 12 03
1432 12 30
1433 01 22
1433 02 12
1433 02 21
1433 10 22
1433 12 02
1433 12 20
2033 11 24
2033 12 14
2034 11 23
2034 12 13
2034 12 31
2043 11 23
2043 12 13
2043 12 31
2113 03 24
2113 04 23
2114 03 23
2123 03 14
2123 04 13
2124 03 13
2124 03 31
2131 03 24
2131 04 23
2132 03 14
2132 04 13
2133 01 24
2133 02 14
2133 04 12
2133 04 21
2133 10 24
2133 12 04
2134 01 23
2134 02 13
2134 03 12
2134 03 21
2134 10 23
2134 12 03
2134 12 30
2141 03 23
2142 03 13
2142 03 31
2143 01 23
2143 02 13
2143 03 12
2143 03 21
2143 10 23
2143 12 03
2143 12 30
2213 03 14
2213 04 13
2214 03 13
2214 03 31
2231 03 14
2231 04 13
2233 01 14
2233 04 11
2233 10 14
2233 11 04
2234 01 13
2234 01 31
2234 03 11
2234 10 13
2234 10 31
2234 11 03
2234 11 30
2241 03 13
2241 03 31
2243 01 13
2243 01 31
2243 03 11
2243 10 13
2243 10 31
2243 11 03
2243 11 30
2303 11 24
2303 12 14
2304 11 23
2304 12 13
2304 12 31
2311 03 24
2311 04 23
2312 03 14
2312 04 13
2313 01 24
2313 02 14
2313 04 12
2313 04 21
2313 10 24
2313 12 04
2314 01 23
2314 02 13
2314 03 12
2314 03 21
2314 10 23
2314 12 03
2314 12 30
2321 03 14
2321 04 13
2323 01 14
2323 04 11
2323 10 14
2323 11 04
2324 01 13
2324 01 31
2324 03 11
2324 10 13
2324 10 31
2324 11 03
2324 11 30
2330 11 24
2330 12 14
2331 01 24
2331 02 14
2331 04 12
2331 04 21
2331 10 24
2331 12 04
2332 01 14
2332 04 11
2332 10 14
2332 11 04
2334 01 12
2334 01 21
2334 02 11
2334 10 12
2334 10 21
2334 11 02
2334 11 20
2334 12 01
2334 12 10
2340 11 23
2340 12 13
2340 12 31
2341 01 23
2341 02 13
2341 03 12
2341 03 21
2341 10 23
2341 12 03
2341 12 30
2342 01 13
2342 01 31
2342 03 11
2342 10 13
2342 10 31
2342 11 03
2342 11 30
2343 01 12
2343 01 21
2343 02 11
2343 10 12
2343 10 21
2343 11 02
2343 11 20
2343 12 01
2343 12 10
2403 11 23
2403 12 13
2403 12 31
2411 03 23
2412 03 13
2412 03 31
2413 01 23
2413 02 13
2413 03 12
2413 03 21
2413 10 23
2413 12 03
2413 12 30
2421 03 13
2421 03 31
2423 01 13
2423 01 31
2423 03 11
2423 10 13
2423 10 31
2423 11 03
2423 11 30
2430 11 23
2430 12 13
2430 12 31
2431 01 23
2431 02 13
2431 03 12
2431 03 21
2431 10 23
2431 12 03
2431 12 30
2432 01 13
2432 01 31
2432 03 11
2432 10 13
2432 10 31
2432 11 03
2432 11 30
2433 01 12
2433 01 21
2433 02 11
2433 10 12
2433 10 21
2433 11 02
2433 11 20
2433 12 01
2433 12 10
3013 12 24
3014 12 23
3023 11 24
3023 12 14
3024 11 23
3024 12 13
3024 12 31
3031 12 24
3032 11 24
3032 12 14
3034 11 22
3034 12 12
3034 12 21
3041 12 23
3042 11 23
3042 12 13
3042 12 31
3043 11 22
3043 12 12
3043 12 21
3103 12 24
3104 12 23
3112 03 24
3112 04 23
3113 02 24
3113 04 22
3114 02 23
3114 03 22
3121 03 24
3121 04 23
3122 03 14
3122 04 13
3123 01 24
3123 02 14
3123 04 12
3123 04 21
3123 10 24
3123 12 04
3124 01 23
3124 02 13
3124 03 12
3124 03 21
3124 10 23
3124 12 03
3124 12 30
3130 12 24
3131 02 24
3131 04 22
3132 01 24
3132 02 14
3132 04 12
3132 04 21
3132 10 24
3132 12 04
3134 01 22
3134 02 12
3134 02 21
3134 10 22
3134 12 02
3134 12 20
3140 12 23
3141 02 23
3141 03 22
3142 01 23
3142 02 13
3142 03 12
3142 03 21
3142 10 23
3142 12 03
3142 12 30
3143 01 22
3143 02 12
3143 02 21
3143 10 22
3143 12 02
3143 12 20
3203 11 24
3203 12 14
3204 11 23
3204 12 13
3204 12 31
3211 03 24
3211 04 23
3212 03 14
3212 04 13
3213 01 24
3213 02 14
3213 04 12
3213 04 21
3213 10 24
3213 12 04
3214 01 23
3214 02 13
3214 03 12
3214 03 21
3214 10 23
3214 12 03
3214 12 30
3221 03 14
3221 04 13
3223 01 14
3223 04 11
3223 10 14
3223 11 04
3224 01 13
3224 01 31
3224 03 11
3224 10 13
3224 10 31
3224 11 03
3224 11 30
3230 11 24
3230 12 14
3231 01 24
3231 02 14
3231 04 12
3231 04 21
3231 10 24
3231 12 04
3232 01 14
3232 04 11
3232 10 14
3232 11 04
3234 01 12
3234 01 21
3234 02 11
3234 10 12
3234 10 21
3234 11 02
3234 11 20
3234 12 01
3234 12 10
3240 11 23
3240 12 13
3240 12 31
3241 01 23
3241 02 13
3241 03 12
3241 03 21
3241 10 23
3241 12 03
3241 12 30
3242 01 13
3242 01 31
3242 03 11
3242 10 13
3242 10 31
3242 11 03
3242 11 30
3243 01 12
3243 01 21
3243 02 11
3243 10 12
3243 10 21
3243 11 02
3243 11 20
3243 12 01
3243 12 10
3301 12 24
3302 11 24
3302 12 14
3304 11 22
3304 12 12
3304 12 21
3310 12 24
3311 02 24
3311 04 22
3312 01 24
3312 02 14
3312 04 12
3312 04 21
3312 10 24
3312 12 04
3314 01 22
3314 02 12
3314 02 21
3314 10 22
3314 12 02
3314 12 20
3320 11 24
3320 12 14
3321 01 24
3321 02 14
3321 04 12
3321 04 21
3321 10 24
3321 12 04
3322 01 14
3322 04 11
3322 10 14
3322 11 04
3324 01 12
3324 01 21
3324 02 11
3324 10 12
3324 10 21
3324 11 02
3324 11 20
3324 12 01
3324 12 10
3340 11 22
3340 12 12
3340 12 21
3341 01 22
3341 02 12
3341 02 21
3341 10 22
3341 12 02
3341 12 20
3342 01 12
3342 01 21
3342 02 11
3342 10 12
3342 10 21
3342 11 02
3342 11 20
3342 12 01
3342 12 10
3401 12 23
3402 11 23
3402 12 13
3402 12 31
3403 11 22
3403 12 12
3403 12 21
3410 12 23
3411 02 23
3411 03 22
3412 01 23
3412 02 13
3412 03 12
3412 03 21
3412 10 23
3412 12 03
3412 12 30
3413 01 22
3413 02 12
3413 02 21
3413 10 22
3413 12 02
3413 12 20
3420 11 23
3420 12 13
3420 12 31
3421 01 23
3421 02 13
3421 03 12
3421 03 21
3421 10 23
3421 12 03
3421 12 30
3422 01 13
3422 01 31
3422 03 11
3422 10 13
3422 10 31
3422 11 03
3422 11 30
3423 01 12
3423 01 21
3423 02 11
3423 10 12
3423 10 21
3423 11 02
3423 11 20
3423 12 01
3423 12 10
3430 11 22
3430 12 12
3430 12 21
3431 01 22
3431 02 12
3431 02 21
3431 10 22
3431 12 02
3431 12 20
3432 01 12
3432 01 21
3432 02 11
3432 10 12
3432 10 21
3432 11 02
3432 11 20
3432 12 01
3432 12 10
4013 12 23
4023 11 23
4023 12 13
4023 12 31
4031 12 23
4032 11 23
4032 12 13
4032 12 31
4033 11 22
4033 12 12
4033 12 21
4103 12 23
4112 03 23
4113 02 23
4113 03 22
4121 03 23
4122 03 13
4122 03 31
4123 01 23
4123 02 13
4123 03 12
4123 03 21
4123 10 23
4123 12 03
4123 12 30
4130 12 23
4131 02 23
4131 03 22
4132 01 23
4132 02 13
4132 03 12
4132 03 21
4132 10 23
4132 12 03
4132 12 30
4133 01 22
4133 02 12
4133 02 21
4133 10 22
4133 12 02
4133 12 20
4203 11 23
4203 12 13
4203 12 31
4211 03 23
4212 03 13
4212 03 31
4213 01 23
4213 02 13
4213 03 12
4213 03 21
4213 10 23
4213 12 03
4213 12 30
4221 03 13
4221 03 31
4223 01 13
4223 01 31
4223 03 11
4223 10 13
4223 10 31
4223 11 03
4223 11 30
4230 11 23
4230 12 13
4230 12 31
4231 01 23
4231 02 13
4231 03 12
4231 03 21
4231 10 23
4231 12 03
4231 12 30
4232 01 13
4232 01 31
4232 03 11
4232 10 13
4232 10 31
4232 11 03
4232 11 30
4233 01 12
4233 01 21
4233 02 11
4233 10 12
4233 10 21
4233 11 02
4233 11 20
4233 12 01
4233 12 10
4301 12 23
4302 11 23
4302 12 13
4302 12 31
4303 11 22
4303 12 12
4303 12 21
4310 12 23
4311 02 23
4311 03 22
4312 01 23
4312 02 13
4312 03 12
4312 03 21
4312 10 23
4312 12 03
4312 12 30
4313 01 22
4313 02 12
4313 02 21
4313 10 22
4313 12 02
4313 12 20
4320 11 23
4320 12 13
4320 12 31
4321 01 23
4321 02 13
4321 03 12
4321 03 21
4321 10 23
4321 12 03
4321 12 30
4322 01 13
4322 01 31
4322 03 11
4322 10 13
4322 10 31
4322 11 03
4322 11 30
4323 01 12
4323 01 21
4323 02 11
4323 10 12
4323 10 21
4323 11 02
4323 11 20
4323 12 01
4323 12 10
4330 11 22
4330 12 12
4330 12 21
4331 01 22
4331 02 12
4331 02 21
4331 10 22
4331 12 02
4331 12 20
4332 01 12
4332 01 21
4332 02 11
4332 10 12
4332 10 21
4332 11 02
4332 11 20
4332 12 01
4332 12 10
